$ 1 0.000005 3.5993318835628396 78 5 50 5e-11
v 48 256 48 112 0 1 803 0.1 0 0 0.5
g 48 256 48 304 0 0
r 160 112 256 112 0 10500
r 256 144 400 144 0 18500
w 400 144 400 192 0
w 256 112 256 144 0
w 256 144 256 176 0
w 256 208 256 256 0
a 256 192 400 192 8 15 -15 1000000 0.306485139973975 0.3064943477142923 100000
O 400 144 464 144 0 0
r 160 256 256 256 0 60000
c 64 256 160 256 0 3.3e-9 0.9803743235238341 0.001
c 256 256 256 320 0 3.3e-9 0.3064943477142923 0.001
w 48 112 160 112 0
r 320 320 320 256 0 60000
g 256 320 256 368 0 0
w 256 320 320 320 0
w 320 256 256 256 0
w 64 256 64 400 0
w 64 400 400 400 0
w 400 400 400 192 0
o 0 8 0 4098 0.15625 0.025 0 2 0 3
o 9 8 0 4098 2.5 0.00009765625 1 1
