$ 1 0.000005 11.086722712598126 58 5 50 5e-11
r 224 192 272 192 0 1000
d 352 80 288 80 2 default
O 368 208 400 208 0 0
R 224 192 160 192 0 3 82 0.5 0 0 0.5
d 288 112 352 112 2 default
g 272 224 272 240 0 0
a 288 208 352 208 8 15 -15 1000000 0.000003968012636449643 0 100000
w 288 80 272 80 0
w 272 192 272 144 0
w 272 192 288 192 0
w 352 80 368 80 0
w 352 208 368 208 0
w 368 208 368 144 0
w 352 112 368 112 0
w 368 144 368 112 0
w 288 112 272 112 0
w 272 144 272 112 0
w 288 224 272 224 0
r 272 144 368 144 0 10000
w 368 80 368 112 0
w 272 80 272 112 0
o 3 32 0 4099 1.25 0.0015625 0 2 3 3
o 2 32 0 4098 1.25 0.00009765625 1 1
